TABLE # 76     $G&N'93 Solar$     X=0.7000 Y=0.2400 Z=0.0600 dXc=0.0000 dXo=0.0000

                                                  log R

logT  -8.0   -7.5   -7.0   -6.5   -6.0   -5.5   -5.0   -4.5   -4.0   -3.5   -3.0   -2.5   -2.0   -1.5   -1.0   -0.5    0.0    0.5    1.0 

3.75 -0.762 -0.921 -1.111 -1.318 -1.530 -1.740 -1.937 -2.101 -2.200 -2.202 -2.103 -1.924 -1.686 -1.426 -1.072 -0.683 -0.262  0.161  0.501
3.80 -0.552 -0.589 -0.665 -0.785 -0.934 -1.098 -1.260 -1.391 -1.472 -1.471 -1.387 -1.247 -1.048 -0.849 -0.587 -0.304  0.018  0.402  0.723
3.85 -0.524 -0.518 -0.513 -0.512 -0.530 -0.576 -0.637 -0.693 -0.722 -0.703 -0.635 -0.519 -0.366 -0.202  0.009  0.240  0.489  0.775  1.098
3.90 -0.526 -0.513 -0.492 -0.455 -0.389 -0.297 -0.196 -0.104 -0.025  0.047  0.125  0.222  0.345  0.469  0.641  0.830  1.034  1.257  1.501
3.95 -0.528 -0.518 -0.497 -0.456 -0.374 -0.232 -0.022  0.228  0.468  0.663  0.806  0.923  1.032  1.136  1.272  1.424  1.592  1.781  1.991
4.00 -0.510 -0.510 -0.498 -0.463 -0.385 -0.236  0.001  0.323  0.685  1.026  1.295  1.486  1.628  1.747  1.864  1.986  2.129  2.289  2.467
4.05 -0.483 -0.479 -0.471 -0.449 -0.385 -0.246 -0.007  0.332  0.736  1.164  1.551  1.860  2.084  2.245  2.373  2.493  2.612  2.746  2.894
4.10 -0.467 -0.459 -0.447 -0.423 -0.367 -0.248 -0.031  0.290  0.697  1.148  1.600  2.011  2.341  2.587  2.766  2.908  3.036  3.161  3.291
4.15 -0.452 -0.437 -0.420 -0.396 -0.343 -0.231 -0.034  0.256  0.634  1.076  1.551  2.024  2.446  2.790  3.034  3.217  3.369  3.500  3.627
4.20 -0.459 -0.440 -0.414 -0.380 -0.325 -0.221 -0.039  0.236  0.593  1.014  1.482  1.978  2.456  2.878  3.215  3.463  3.642  3.793  3.926
4.25 -0.457 -0.440 -0.414 -0.375 -0.312 -0.203 -0.029  0.225  0.567  0.976  1.432  1.917  2.417  2.894  3.310  3.628  3.862  4.052  4.209
4.30 -0.443 -0.429 -0.407 -0.373 -0.316 -0.210 -0.032  0.217  0.545  0.950  1.408  1.892  2.389  2.893  3.356  3.744  4.038  4.276  4.462
4.35 -0.426 -0.411 -0.388 -0.353 -0.298 -0.202 -0.039  0.209  0.544  0.956  1.414  1.902  2.407  2.904  3.390  3.829  4.187  4.474  4.691
4.40 -0.403 -0.387 -0.363 -0.324 -0.266 -0.176 -0.028  0.203  0.536  0.951  1.416  1.918  2.439  2.947  3.450  3.910  4.312  4.647  4.894
4.45 -0.394 -0.373 -0.342 -0.295 -0.222 -0.120  0.031  0.259  0.580  0.996  1.468  1.971  2.493  3.010  3.525  4.007  4.437  4.787  5.070
4.50 -0.386 -0.367 -0.338 -0.285 -0.198 -0.071  0.099  0.325  0.633  1.034  1.504  2.017  2.549  3.084  3.605  4.101  4.550  4.920  5.217
4.55 -0.378 -0.355 -0.326 -0.278 -0.193 -0.053  0.149  0.413  0.743  1.136  1.591  2.096  2.619  3.154  3.683  4.188  4.641  5.020  5.321
4.60 -0.382 -0.359 -0.324 -0.272 -0.184 -0.041  0.176  0.474  0.835  1.240  1.692  2.176  2.683  3.205  3.738  4.247  4.698  5.074  5.368
4.65 -0.376 -0.356 -0.327 -0.277 -0.189 -0.040  0.186  0.497  0.890  1.330  1.791  2.268  2.753  3.256  3.774  4.269  4.707  5.071  5.352
4.70 -0.374 -0.351 -0.321 -0.277 -0.200 -0.058  0.167  0.481  0.876  1.332  1.818  2.312  2.795  3.282  3.777  4.250  4.668  5.018  5.287
4.75 -0.375 -0.349 -0.314 -0.275 -0.202 -0.075  0.138  0.447  0.841  1.296  1.785  2.293  2.789  3.275  3.753  4.201  4.600  4.937  5.200
4.80 -0.374 -0.349 -0.318 -0.274 -0.200 -0.075  0.127  0.424  0.803  1.243  1.724  2.229  2.742  3.242  3.712  4.143  4.527  4.852  5.106
4.85 -0.375 -0.351 -0.319 -0.273 -0.202 -0.082  0.117  0.407  0.773  1.198  1.669  2.169  2.683  3.191  3.663  4.090  4.464  4.777  5.020
4.90 -0.361 -0.340 -0.310 -0.265 -0.192 -0.075  0.114  0.393  0.752  1.165  1.625  2.123  2.638  3.146  3.622  4.048  4.417  4.717  4.945
4.95 -0.328 -0.308 -0.281 -0.242 -0.177 -0.063  0.122  0.395  0.748  1.160  1.611  2.098  2.605  3.110  3.587  4.016  4.381  4.665  4.873
5.00 -0.265 -0.253 -0.233 -0.198 -0.139 -0.037  0.136  0.403  0.755  1.165  1.610  2.086  2.589  3.086  3.565  3.991  4.345  4.610  4.798
5.05 -0.166 -0.151 -0.134 -0.106 -0.054  0.042  0.204  0.452  0.791  1.192  1.629  2.106  2.596  3.073  3.545  3.961  4.298  4.540  4.708
5.10 -0.066 -0.042 -0.015  0.020  0.070  0.155  0.302  0.520  0.820  1.201  1.639  2.103  2.580  3.068  3.526  3.919  4.229  4.448  4.602
5.15 -0.012  0.038  0.089  0.143  0.211  0.310  0.453  0.648  0.917  1.264  1.676  2.125  2.588  3.063  3.501  3.860  4.136  4.335  4.481
5.20 -0.026  0.044  0.122  0.209  0.310  0.433  0.595  0.797  1.047  1.360  1.741  2.169  2.610  3.061  3.467  3.783  4.025  4.208  4.352
5.25 -0.097 -0.016  0.080  0.194  0.328  0.488  0.681  0.901  1.147  1.436  1.793  2.198  2.620  3.046  3.414  3.691  3.903  4.075  4.221
5.30 -0.193 -0.110 -0.011  0.113  0.270  0.462  0.688  0.938  1.204  1.497  1.831  2.211  2.617  3.012  3.345  3.590  3.779  3.944  4.092
5.35 -0.296 -0.223 -0.129 -0.009  0.146  0.350  0.602  0.885  1.185  1.497  1.832  2.195  2.581  2.957  3.263  3.483  3.657  3.817  3.968
5.40 -0.376 -0.320 -0.241 -0.136  0.004  0.191  0.447  0.762  1.102  1.446  1.793  2.152  2.528  2.888  3.172  3.375  3.540  3.697  3.849
5.45 -0.428 -0.392 -0.332 -0.242 -0.116  0.058  0.302  0.624  0.994  1.372  1.738  2.100  2.467  2.810  3.079  3.271  3.429  3.584  3.736
5.50 -0.451 -0.432 -0.395 -0.330 -0.224 -0.067  0.157  0.464  0.847  1.260  1.663  2.043  2.405  2.735  2.989  3.171  3.326  3.480  3.634
5.55 -0.460 -0.451 -0.431 -0.389 -0.309 -0.172  0.038  0.342  0.735  1.171  1.596  1.981  2.346  2.664  2.905  3.079  3.232  3.384  3.542
5.60 -0.463 -0.458 -0.447 -0.422 -0.369 -0.262 -0.069  0.233  0.638  1.095  1.536  1.932  2.293  2.600  2.828  2.996  3.148  3.300  3.460
5.65 -0.464 -0.460 -0.452 -0.437 -0.405 -0.331 -0.174  0.111  0.525  1.008  1.476  1.888  2.250  2.544  2.760  2.924  3.073  3.224  3.392
5.70 -0.465 -0.461 -0.454 -0.442 -0.417 -0.365 -0.245  0.004  0.412  0.914  1.412  1.846  2.207  2.493  2.701  2.864  3.012  3.166  3.343
5.75 -0.465 -0.461 -0.454 -0.444 -0.424 -0.381 -0.289 -0.087  0.291  0.806  1.335  1.793  2.161  2.443  2.648  2.811  2.957  3.107  3.282
5.80 -0.465 -0.462 -0.455 -0.444 -0.425 -0.388 -0.310 -0.140  0.187  0.685  1.238  1.725  2.106  2.390  2.599  2.764  2.910  3.056  3.225
5.85 -0.465 -0.461 -0.455 -0.444 -0.426 -0.390 -0.319 -0.168  0.125  0.587  1.139  1.647  2.045  2.335  2.551  2.720  2.867  3.021  3.196
5.90 -0.465 -0.462 -0.456 -0.446 -0.428 -0.392 -0.323 -0.185  0.079  0.505  1.041  1.564  1.979  2.280  2.503  2.679  2.831  2.983  3.156
5.95 -0.464 -0.460 -0.454 -0.444 -0.425 -0.391 -0.325 -0.194  0.056  0.455  0.967  1.487  1.914  2.227  2.460  2.644  2.798  2.940  3.105
6.00 -0.462 -0.458 -0.451 -0.440 -0.422 -0.388 -0.323 -0.193  0.048  0.435  0.930  1.438  1.865  2.185  2.425  2.614  2.764  2.898  3.067
6.10 -0.462 -0.455 -0.444 -0.429 -0.409 -0.376 -0.314 -0.190  0.044  0.402  0.852  1.336  1.768  2.108  2.367  2.557  2.698  2.829  2.983
6.20 -0.469 -0.465 -0.455 -0.436 -0.405 -0.360 -0.292 -0.173  0.041  0.368  0.788  1.254  1.688  2.037  2.295  2.470  2.582  2.699  2.862
6.30 -0.471 -0.470 -0.467 -0.458 -0.436 -0.386 -0.296 -0.155  0.059  0.363  0.759  1.205  1.620  1.949  2.179  2.322  2.424  2.546  2.716
6.40 -0.472 -0.471 -0.470 -0.466 -0.456 -0.429 -0.359 -0.204  0.050  0.378  0.759  1.168  1.529  1.805  2.000  2.125  2.231  2.374  2.562
6.50 -0.474 -0.473 -0.472 -0.469 -0.463 -0.447 -0.404 -0.288 -0.044  0.319  0.721  1.089  1.387  1.610  1.779  1.907  2.034  2.197  2.389
6.60 -0.474 -0.474 -0.473 -0.472 -0.468 -0.457 -0.426 -0.343 -0.153  0.175  0.574  0.926  1.190  1.386  1.546  1.685  1.837  2.025  2.237
6.70 -0.476 -0.475 -0.475 -0.474 -0.472 -0.464 -0.442 -0.381 -0.237  0.027  0.379  0.709  0.961  1.154  1.315  1.469  1.645  1.852  2.079
6.80 -0.477 -0.477 -0.476 -0.476 -0.474 -0.469 -0.454 -0.412 -0.307 -0.099  0.191  0.483  0.725  0.924  1.097  1.271  1.477  1.703  1.898
6.90 -0.478 -0.478 -0.478 -0.477 -0.476 -0.472 -0.461 -0.432 -0.357 -0.203  0.029  0.288  0.521  0.721  0.915  1.106  1.326  1.557  1.746
7.00 -0.480 -0.480 -0.480 -0.479 -0.477 -0.472 -0.462 -0.439 -0.385 -0.272 -0.092  0.125  0.349  0.570  0.775  0.978  1.200  1.412  1.608
7.10 -0.483 -0.483 -0.482 -0.482 -0.480 -0.475 -0.463 -0.437 -0.388 -0.294 -0.149  0.038  0.250  0.462  0.658  0.850  1.068  1.277  1.428
7.20 -0.486 -0.486 -0.486 -0.485 -0.484 -0.481 -0.471 -0.445 -0.390 -0.297 -0.165  0.001  0.186  0.365  0.531  0.720  0.926  1.133
7.30 -0.490 -0.490 -0.490 -0.490 -0.489 -0.487 -0.481 -0.461 -0.413 -0.322 -0.192 -0.039  0.109  0.246  0.391  0.578  0.799
7.40 -0.495 -0.495 -0.495 -0.495 -0.494 -0.493 -0.489 -0.477 -0.443 -0.370 -0.254 -0.120  0.000  0.113  0.257  0.449  0.669
7.50 -0.501 -0.501 -0.501 -0.501 -0.501 -0.500 -0.497 -0.489 -0.468 -0.418 -0.329 -0.221 -0.117 -0.011  0.133  0.336
7.60 -0.508 -0.508 -0.508 -0.508 -0.509 -0.508 -0.506 -0.501 -0.488 -0.455 -0.392 -0.310 -0.220 -0.116  0.026  0.221
7.70 -0.518 -0.518 -0.518 -0.518 -0.518 -0.518 -0.517 -0.513 -0.505 -0.482 -0.439 -0.378 -0.304 -0.206 -0.071  0.106
7.80 -0.530 -0.530 -0.530 -0.530 -0.530 -0.530 -0.529 -0.527 -0.521 -0.505 -0.474 -0.429 -0.369 -0.286 -0.165 -0.018
7.90 -0.544 -0.544 -0.544 -0.544 -0.545 -0.545 -0.544 -0.543 -0.538 -0.526 -0.505 -0.472 -0.428 -0.361 -0.257
8.00 -0.560 -0.560 -0.560 -0.560 -0.561 -0.561 -0.561 -0.560 -0.556 -0.547 -0.532 -0.511 -0.482 -0.432 -0.350
8.10 -0.580 -0.580 -0.580 -0.580 -0.580 -0.580 -0.581 -0.580 -0.577 -0.571 -0.562 -0.551 -0.536 -0.506 -0.453
8.30 -0.633 -0.633 -0.633 -0.634 -0.634 -0.634 -0.634 -0.633 -0.632 -0.631 -0.633 -0.643 -0.656 -0.665 -0.684
8.50 -0.704 -0.704 -0.704 -0.704 -0.704 -0.704 -0.704 -0.704 -0.705 -0.708 -0.721 -0.750 -0.780 -0.893 -1.257
8.70 -0.582 -0.753 -0.785 -0.789 -0.789 -0.789 -0.789 -0.790 -0.792 -0.800 -0.823 -0.874 -0.948 -1.032
