Caffau et al 2011 (from Cassisi), with X= 0.700000 and Z= 0.060000
                                        log R
 
log T  -8.000 -7.500 -7.000 -6.500 -6.000 -5.500 -5.000 -4.500 -4.000 -3.500 -3.000 -2.500 -2.000 -1.500 -1.000 -0.500  0.000  0.500  1.000
4.500  -0.403 -0.391 -0.371 -0.332 -0.262 -0.155  0.004  0.240  0.569  0.983  1.460  1.969  2.491  3.020  3.547  4.057  4.519  4.894  5.161
4.450  -0.419 -0.406 -0.386 -0.351 -0.291 -0.193 -0.037  0.203  0.545  0.948  1.421  1.917  2.429  2.949  3.464  3.960  4.413  4.798  5.077
4.400  -0.433 -0.425 -0.405 -0.367 -0.306 -0.212 -0.058  0.193  0.570  0.936  1.390  1.873  2.376  2.885  3.386  3.865  4.290  4.637  4.890
4.350  -0.451 -0.435 -0.410 -0.373 -0.318 -0.224 -0.058  0.211  0.603  0.985  1.368  1.844  2.339  2.837  3.325  3.779  4.161  4.454  4.709
4.300  -0.453 -0.437 -0.415 -0.380 -0.323 -0.218 -0.040  0.235  0.634  1.058  1.363  1.833  2.320  2.813  3.283  3.689  4.010  4.258  4.461
4.250  -0.456 -0.440 -0.416 -0.378 -0.316 -0.209 -0.033  0.246  0.648  1.109  1.375  1.845  2.333  2.810  3.233  3.571  3.827  4.029  4.207
4.200  -0.455 -0.436 -0.411 -0.377 -0.324 -0.224 -0.042  0.246  0.627  1.057  1.442  1.893  2.367  2.795  3.141  3.402  3.600  3.768  3.930
4.150  -0.452 -0.438 -0.423 -0.399 -0.348 -0.243 -0.054  0.235  0.615  1.057  1.509  1.953  2.374  2.718  2.974  3.166  3.324  3.472  3.629
4.100  -0.464 -0.457 -0.446 -0.422 -0.371 -0.263 -0.061  0.253  0.660  1.112  1.563  1.961  2.292  2.534  2.711  2.855  2.991  3.137  3.299
4.050  -0.482 -0.477 -0.470 -0.449 -0.392 -0.263 -0.034  0.302  0.715  1.143  1.530  1.835  2.054  2.213  2.341  2.463  2.595  2.752  2.935
4.000  -0.506 -0.505 -0.492 -0.458 -0.383 -0.239 -0.003  0.324  0.696  1.040  1.307  1.496  1.634  1.750  1.863  1.989  2.139  2.321  2.532
3.950  -0.523 -0.511 -0.489 -0.447 -0.367 -0.229 -0.022  0.236  0.487  0.685  0.831  0.948  1.056  1.171  1.302  1.456  1.640  1.856  2.104
3.900  -0.519 -0.504 -0.481 -0.443 -0.382 -0.294 -0.191 -0.093 -0.005  0.077  0.166  0.268  0.391  0.536  0.704  0.898  1.120  1.376  1.663
3.850  -0.514 -0.505 -0.499 -0.501 -0.522 -0.569 -0.628 -0.675 -0.689 -0.656 -0.574 -0.449 -0.291 -0.105  0.104  0.339  0.606  0.910  1.252
3.800  -0.542 -0.577 -0.652 -0.771 -0.922 -1.085 -1.240 -1.362 -1.424 -1.406 -1.308 -1.150 -0.953 -0.725 -0.469 -0.177  0.160  0.544  0.953
3.750  -0.749 -0.907 -1.096 -1.300 -1.510 -1.714 -1.901 -2.051 -2.134 -2.117 -2.000 -1.808 -1.561 -1.267 -0.920 -0.523 -0.100  0.320  0.718
3.700  -1.297 -1.518 -1.742 -1.963 -2.178 -2.380 -2.563 -2.710 -2.788 -2.755 -2.596 -2.326 -1.969 -1.552 -1.117 -0.696 -0.302  0.066  0.408
3.650  -2.035 -2.257 -2.470 -2.673 -2.862 -3.034 -3.181 -3.279 -3.287 -3.160 -2.884 -2.504 -2.084 -1.675 -1.297 -0.949 -0.625 -0.315 -0.010
3.600  -2.817 -2.998 -3.162 -3.311 -3.435 -3.522 -3.555 -3.525 -3.414 -3.207 -2.915 -2.586 -2.262 -1.954 -1.664 -1.381 -1.092 -0.787 -0.468
3.550  -3.440 -3.547 -3.622 -3.658 -3.660 -3.636 -3.587 -3.513 -3.412 -3.279 -3.115 -2.923 -2.707 -2.467 -2.198 -1.891 -1.540 -1.147 -0.748
3.500  -3.723 -3.722 -3.707 -3.682 -3.655 -3.638 -3.639 -3.655 -3.667 -3.654 -3.593 -3.471 -3.270 -2.977 -2.584 -2.096 -1.562 -1.101 -0.792
3.490  -3.734 -3.724 -3.704 -3.680 -3.662 -3.663 -3.685 -3.722 -3.753 -3.752 -3.698 -3.575 -3.360 -3.031 -2.585 -2.045 -1.500 -1.075 -0.811
3.480  -3.738 -3.722 -3.701 -3.683 -3.681 -3.701 -3.744 -3.798 -3.845 -3.852 -3.799 -3.668 -3.428 -3.050 -2.545 -1.964 -1.435 -1.060 -0.838
3.470  -3.737 -3.719 -3.702 -3.695 -3.712 -3.753 -3.814 -3.884 -3.940 -3.949 -3.890 -3.745 -3.465 -3.027 -2.465 -1.868 -1.374 -1.055 -0.873
3.460  -3.734 -3.718 -3.710 -3.721 -3.757 -3.816 -3.893 -3.975 -4.035 -4.038 -3.968 -3.796 -3.463 -2.960 -2.354 -1.767 -1.326 -1.058 -0.912
3.450  -3.733 -3.723 -3.729 -3.759 -3.813 -3.889 -3.979 -4.069 -4.125 -4.116 -4.028 -3.815 -3.416 -2.853 -2.224 -1.672 -1.292 -1.072 -0.955
3.440  -3.736 -3.738 -3.761 -3.810 -3.881 -3.971 -4.072 -4.161 -4.206 -4.179 -4.062 -3.794 -3.325 -2.715 -2.089 -1.588 -1.267 -1.093 -1.000
3.430  -3.746 -3.764 -3.807 -3.872 -3.958 -4.060 -4.165 -4.247 -4.272 -4.222 -4.066 -3.730 -3.196 -2.556 -1.960 -1.519 -1.252 -1.118 -1.047
3.420  -3.768 -3.804 -3.864 -3.944 -4.044 -4.154 -4.256 -4.320 -4.321 -4.241 -4.035 -3.624 -3.036 -2.392 -1.842 -1.463 -1.251 -1.147 -1.093
3.410  -3.803 -3.857 -3.932 -4.027 -4.136 -4.248 -4.338 -4.378 -4.349 -4.234 -3.964 -3.483 -2.857 -2.231 -1.735 -1.418 -1.256 -1.180 -1.137
3.400  -3.851 -3.921 -4.010 -4.117 -4.232 -4.337 -4.406 -4.416 -4.356 -4.198 -3.856 -3.314 -2.668 -2.080 -1.644 -1.388 -1.269 -1.213 -1.181
3.390  -3.911 -3.995 -4.097 -4.213 -4.326 -4.415 -4.455 -4.433 -4.342 -4.129 -3.715 -3.122 -2.480 -1.937 -1.568 -1.374 -1.288 -1.247 -1.222
3.380  -3.981 -4.079 -4.192 -4.310 -4.412 -4.476 -4.484 -4.432 -4.306 -4.028 -3.546 -2.915 -2.298 -1.810 -1.509 -1.371 -1.311 -1.281 -1.261
3.370  -4.062 -4.172 -4.291 -4.403 -4.485 -4.517 -4.493 -4.415 -4.245 -3.898 -3.350 -2.703 -2.124 -1.704 -1.475 -1.378 -1.337 -1.315 -1.299
3.360  -4.154 -4.272 -4.389 -4.485 -4.538 -4.536 -4.487 -4.382 -4.157 -3.738 -3.131 -2.495 -1.961 -1.620 -1.459 -1.394 -1.365 -1.348 -1.335
3.350  -4.253 -4.373 -4.479 -4.549 -4.568 -4.539 -4.469 -4.331 -4.043 -3.544 -2.900 -2.291 -1.825 -1.564 -1.457 -1.414 -1.393 -1.381 -1.370
3.340  -4.357 -4.470 -4.553 -4.590 -4.579 -4.530 -4.441 -4.259 -3.897 -3.317 -2.666 -2.097 -1.718 -1.537 -1.466 -1.438 -1.423 -1.413 -1.404
3.330  -4.459 -4.553 -4.605 -4.610 -4.576 -4.514 -4.401 -4.163 -3.708 -3.068 -2.435 -1.931 -1.643 -1.527 -1.483 -1.464 -1.453 -1.445 -1.438
3.320  -4.549 -4.615 -4.634 -4.613 -4.567 -4.493 -4.346 -4.030 -3.473 -2.811 -2.213 -1.803 -1.606 -1.532 -1.505 -1.492 -1.484 -1.477 -1.471
3.310  -4.621 -4.653 -4.644 -4.608 -4.555 -4.465 -4.266 -3.842 -3.207 -2.553 -2.018 -1.715 -1.592 -1.548 -1.530 -1.521 -1.515 -1.509 -1.504
3.300  -4.667 -4.669 -4.642 -4.602 -4.543 -4.426 -4.141 -3.598 -2.925 -2.305 -1.873 -1.668 -1.596 -1.569 -1.558 -1.551 -1.546 -1.542 -1.537
3.290  -4.689 -4.671 -4.638 -4.597 -4.529 -4.357 -3.949 -3.312 -2.641 -2.087 -1.777 -1.654 -1.611 -1.595 -1.588 -1.583 -1.579 -1.575 -1.570
3.280  -4.696 -4.669 -4.638 -4.597 -4.502 -4.230 -3.689 -3.006 -2.369 -1.929 -1.726 -1.658 -1.634 -1.624 -1.619 -1.615 -1.612 -1.608 -1.604
3.270  -4.695 -4.669 -4.645 -4.596 -4.434 -4.026 -3.382 -2.695 -2.136 -1.830 -1.713 -1.674 -1.661 -1.654 -1.651 -1.648 -1.645 -1.642 -1.638
3.260  -4.696 -4.679 -4.658 -4.573 -4.296 -3.745 -3.050 -2.403 -1.969 -1.781 -1.720 -1.699 -1.691 -1.687 -1.684 -1.682 -1.679 -1.676 -1.673
3.250  -4.707 -4.701 -4.664 -4.496 -4.070 -3.412 -2.713 -2.162 -1.875 -1.772 -1.740 -1.728 -1.723 -1.721 -1.719 -1.717 -1.715 -1.712 -1.709
3.240  -4.731 -4.725 -4.635 -4.335 -3.761 -3.053 -2.407 -1.998 -1.836 -1.785 -1.767 -1.761 -1.758 -1.756 -1.755 -1.753 -1.751 -1.748 -1.745
3.230  -4.766 -4.729 -4.535 -4.076 -3.399 -2.693 -2.170 -1.919 -1.835 -1.809 -1.800 -1.796 -1.794 -1.793 -1.792 -1.791 -1.789 -1.786 -1.783
3.220  -4.793 -4.679 -4.339 -3.734 -3.012 -2.385 -2.021 -1.893 -1.854 -1.840 -1.836 -1.834 -1.833 -1.832 -1.831 -1.829 -1.827 -1.825 -1.822
3.210  -4.780 -4.543 -4.041 -3.339 -2.640 -2.167 -1.965 -1.902 -1.883 -1.877 -1.874 -1.873 -1.872 -1.872 -1.871 -1.870 -1.868 -1.865 -1.862
3.200  -4.696 -4.303 -3.659 -2.929 -2.345 -2.051 -1.958 -1.929 -1.920 -1.916 -1.915 -1.914 -1.914 -1.914 -1.913 -1.911 -1.909 -1.907 -1.904
3.190  -4.513 -3.957 -3.230 -2.561 -2.166 -2.021 -1.978 -1.965 -1.961 -1.959 -1.958 -1.958 -1.958 -1.958 -1.957 -1.955 -1.953 -1.951 -1.948
3.180  -4.218 -3.530 -2.811 -2.304 -2.093 -2.032 -2.014 -2.007 -2.005 -2.004 -2.004 -2.004 -2.004 -2.004 -2.002 -2.001 -1.999 -1.997 -1.994
3.170  -3.817 -3.076 -2.475 -2.182 -2.090 -2.065 -2.057 -2.054 -2.053 -2.052 -2.053 -2.053 -2.053 -2.052 -2.051 -2.049 -2.047 -2.045 -2.043
3.160  -3.349 -2.677 -2.285 -2.154 -2.119 -2.108 -2.105 -2.104 -2.103 -2.104 -2.104 -2.104 -2.104 -2.103 -2.102 -2.100 -2.099 -2.097 -2.094
3.150  -2.893 -2.411 -2.227 -2.176 -2.162 -2.158 -2.157 -2.157 -2.158 -2.158 -2.159 -2.159 -2.159 -2.158 -2.157 -2.155 -2.154 -2.152 -2.148
3.140  -2.558 -2.306 -2.237 -2.219 -2.214 -2.213 -2.213 -2.214 -2.215 -2.217 -2.218 -2.218 -2.218 -2.217 -2.216 -2.215 -2.213 -2.210 -2.206
3.130  -2.397 -2.303 -2.279 -2.273 -2.271 -2.272 -2.273 -2.275 -2.278 -2.280 -2.282 -2.282 -2.282 -2.282 -2.281 -2.279 -2.278 -2.274 -2.268
3.120  -2.372 -2.341 -2.334 -2.332 -2.333 -2.334 -2.337 -2.341 -2.345 -2.348 -2.351 -2.353 -2.354 -2.353 -2.353 -2.351 -2.349 -2.343 -2.333
3.110  -2.408 -2.398 -2.397 -2.397 -2.399 -2.402 -2.406 -2.411 -2.417 -2.423 -2.428 -2.431 -2.433 -2.434 -2.434 -2.433 -2.428 -2.417 -2.402
3.100  -2.466 -2.464 -2.465 -2.466 -2.470 -2.475 -2.481 -2.488 -2.496 -2.505 -2.512 -2.519 -2.524 -2.527 -2.527 -2.524 -2.514 -2.496 -2.474
3.090  -2.535 -2.536 -2.538 -2.541 -2.546 -2.553 -2.562 -2.572 -2.583 -2.595 -2.607 -2.618 -2.627 -2.633 -2.635 -2.628 -2.608 -2.579 -2.549
3.080  -2.611 -2.613 -2.616 -2.621 -2.629 -2.639 -2.650 -2.664 -2.679 -2.696 -2.714 -2.731 -2.746 -2.756 -2.757 -2.741 -2.707 -2.664 -2.627
3.070  -2.692 -2.695 -2.701 -2.709 -2.719 -2.732 -2.748 -2.766 -2.786 -2.809 -2.834 -2.858 -2.880 -2.895 -2.892 -2.861 -2.808 -2.753 -2.709
3.060  -2.779 -2.785 -2.793 -2.804 -2.818 -2.835 -2.855 -2.879 -2.906 -2.937 -2.969 -3.001 -3.031 -3.049 -3.037 -2.984 -2.910 -2.844 -2.794
3.050  -2.873 -2.881 -2.893 -2.908 -2.927 -2.949 -2.975 -3.006 -3.041 -3.079 -3.120 -3.161 -3.197 -3.214 -3.185 -3.107 -3.015 -2.939 -2.882
3.040  -2.975 -2.987 -3.003 -3.022 -3.046 -3.075 -3.109 -3.148 -3.191 -3.238 -3.288 -3.337 -3.377 -3.387 -3.333 -3.229 -3.122 -3.037 -2.973
3.030  -3.086 -3.102 -3.123 -3.148 -3.179 -3.216 -3.258 -3.306 -3.358 -3.414 -3.473 -3.528 -3.569 -3.563 -3.479 -3.352 -3.232 -3.138 -3.067
3.020  -3.207 -3.229 -3.255 -3.288 -3.326 -3.372 -3.423 -3.480 -3.542 -3.607 -3.673 -3.733 -3.769 -3.738 -3.622 -3.475 -3.344 -3.243 -3.162
3.010  -3.340 -3.367 -3.401 -3.441 -3.489 -3.544 -3.605 -3.672 -3.743 -3.816 -3.888 -3.950 -3.973 -3.909 -3.763 -3.599 -3.458 -3.350 -3.258
3.000  -3.484 -3.519 -3.561 -3.610 -3.667 -3.732 -3.803 -3.879 -3.958 -4.038 -4.115 -4.174 -4.176 -4.074 -3.901 -3.724 -3.575 -3.460 -3.352
2.990  -3.644 -3.686 -3.737 -3.797 -3.864 -3.938 -4.019 -4.103 -4.190 -4.276 -4.355 -4.405 -4.374 -4.233 -4.039 -3.851 -3.695 -3.572 -3.444
2.980  -3.817 -3.869 -3.929 -3.999 -4.076 -4.160 -4.248 -4.340 -4.433 -4.524 -4.602 -4.634 -4.563 -4.386 -4.174 -3.978 -3.816 -3.683 -3.532
2.970  -4.005 -4.066 -4.137 -4.216 -4.303 -4.395 -4.491 -4.589 -4.687 -4.781 -4.853 -4.857 -4.740 -4.533 -4.308 -4.105 -3.939 -3.793 -3.614
2.960  -4.208 -4.280 -4.360 -4.449 -4.544 -4.643 -4.746 -4.849 -4.951 -5.045 -5.103 -5.069 -4.907 -4.676 -4.441 -4.233 -4.062 -3.901 -3.692
2.950  -4.427 -4.508 -4.598 -4.695 -4.797 -4.903 -5.011 -5.119 -5.223 -5.313 -5.349 -5.266 -5.064 -4.815 -4.573 -4.362 -4.185 -4.004 -3.768
2.940  -4.661 -4.751 -4.849 -4.953 -5.062 -5.173 -5.285 -5.397 -5.502 -5.582 -5.583 -5.448 -5.213 -4.952 -4.705 -4.492 -4.307 -4.104 -3.844
2.930  -4.909 -5.007 -5.113 -5.223 -5.337 -5.453 -5.569 -5.683 -5.786 -5.847 -5.801 -5.615 -5.356 -5.086 -4.837 -4.623 -4.427 -4.202 -3.920
2.920  -5.170 -5.276 -5.388 -5.504 -5.623 -5.742 -5.861 -5.976 -6.071 -6.102 -6.000 -5.771 -5.495 -5.219 -4.970 -4.754 -4.545 -4.299 -3.992
2.910  -5.444 -5.557 -5.674 -5.795 -5.917 -6.040 -6.161 -6.274 -6.354 -6.341 -6.180 -5.919 -5.631 -5.352 -5.104 -4.886 -4.661 -4.395 -4.057
2.900  -5.730 -5.848 -5.970 -6.095 -6.220 -6.345 -6.467 -6.574 -6.628 -6.558 -6.345 -6.061 -5.765 -5.486 -5.241 -5.017 -4.777 -4.486 -4.110
2.850  -7.297 -7.427 -7.557 -7.683 -7.805 -7.912 -7.967 -7.897 -7.673 -7.370 -7.047 -6.734 -6.452 -6.194 -5.928 -5.616 -5.218 -4.728 -4.171
2.800  -8.827 -8.922 -9.009 -9.078 -9.110 -9.059 -8.892 -8.638 -8.332 -8.010 -7.699 -7.402 -7.103 -6.757 -6.325 -5.807 -5.226 -4.630 -4.113
2.750  -9.726 -9.742 -9.735 -9.647 -9.683 -9.578 -9.387 -9.118 -8.795 -8.556 -8.098 -7.747 -7.332 -6.811 -6.204 -5.573 -5.038 -4.980 -4.355
2.700 -10.094 -10.093 -10.047 -9.957 -9.997 -9.861 -9.629 -9.383 -8.912 -8.502 -8.758 -7.799 -7.488 -6.381 -6.065 -5.920 -5.588 -5.077 -5.085
